cam_model: Pinhole
cam_width: 2448
cam_height: 2048
scale: 1
cam_fx: 2267.341492705343
cam_fy: 2274.135734271674
cam_cx: 1191.5868858486842
cam_cy: 1029.9892571135115
cam_d0: -0.04952514462440441
cam_d1: 0.13456986292861076
cam_d2: -0.0007334476177360267
cam_d3: -0.0007815742257529978
