cam_model: Pinhole
cam_width: 3504
cam_height: 4672
scale: 0.25
cam_fx: 1475.0639633791325
cam_fy: 1476.1750609223564
cam_cx: 1712.977814275396
cam_cy: 2349.512787297032
cam_d0: 0.018898804602324806
cam_d1: 0.003225331282074149
cam_d2: -0.0010042285492773634
cam_d3: 0.00037724928019899223
